[header]
width=27
height=8
tilewidth=64
tileheight=64
orientation=orthogonal

[tilesets]
tileset=tileset.png,64,64,0,0

[layer]
type=Tile Layer 1
data=
0,0,0,0,0,0,0,0,0,0,0,0,0,0,0,0,0,0,0,0,0,0,0,0,0,0,0,
0,0,0,0,0,0,0,0,0,0,0,0,0,0,0,0,0,0,0,0,0,0,0,0,0,0,0,
3,3,3,3,4,0,0,0,0,0,0,0,0,2,3,3,3,4,0,0,0,0,2,3,3,3,3,
1,1,1,1,0,0,0,0,0,0,2,3,3,3,1,1,1,0,0,0,0,0,0,1,1,1,1,
1,1,1,1,0,0,0,0,0,0,0,0,0,0,0,0,0,0,0,0,0,0,0,1,1,1,1,
1,1,1,1,0,0,2,3,3,3,4,0,0,0,0,0,0,0,0,0,0,0,0,1,1,1,1,
1,1,1,1,3,3,3,1,1,1,3,3,3,3,3,3,3,4,0,2,3,3,3,1,1,1,1,
1,1,1,1,1,1,1,1,1,1,1,1,1,1,1,1,1,3,3,3,1,1,1,1,1,1,1

